0 100
1 100
2 100
3 100
4 200
5 100
6 0
7 0
8 100
9 100
10 100
11 100
12 0
13 100
14 100
15 100
16 100
17 100
18 100
19 100
20 100
21 100
22 100
23 100
24 100
25 200
26 100
27 100
28 100
29 100
30 100
31 100
32 100
33 100
34 200
35 200
36 200
37 100
38 100
39 200
40 100
41 100
42 200
43 100
44 200
45 100
46 200
47 200
48 200
49 200
50 200
51 200
52 200
53 200
54 200
55 100
56 200
57 200
58 200
59 200
60 200
61 200
62 200
63 200
64 200
65 200
66 200
67 200
68 300
69 300
70 200
71 200
72 200
73 300
74 300
75 200
76 300
77 200
78 200
79 200
80 200
81 200
82 300
83 200
84 300
85 200
86 200
87 300
88 300
89 300
90 200
91 300
92 300
93 300
94 300
95 300
96 200
97 300
98 300
99 300
100 300
101 300
102 300
